-0.037037
-0.057377
0
0.0454545
0.00909091
0.04
0.297468
0.173787
0.159768
0.16833
0.0344928
0.0316449
0.0504119
0.0826978
0.364948
0.285517
0.161294
0.254646
0.378378
0.290415
0.171473
0.188505
0.155669
0.132718
0.143843
0.288481
0.204812
0.292112
0.423188
0.142149
0.0947298
0.131154
0.945583
0.932802
0.659592
-0.315745
-0.338138
-0.403044
-0.132369
-0.253126
-0.458106
-0.294201
-0.0812633
0.0622375
-0.0381399
-0.020751
0.314547
0.283677
0.380327
0.38585
0.217373
0.146846
-0.0506962
-0.0413803
-0.0450629
-0.188369
-0.0401356
-0.0847553
-0.193644
-0.107518
0.10747
0.228719
0.125805
0.056107
0.0997943
0.182137
0.159115
0.216427
0.408722
0.390376
0.544672
0.935344
0.894976
0.810055
0.804152
0.853431
0.887521
0.904599
0.899254
0.618173
0.312797
-0.073121
-0.182581
0.260768
0.763494
0.796261
0.797738
0.774854
0.749271
0.770105
0.711133
0.73158
0.96288
0.987321
0.992963
0.99154
0.940728
0.906847
0.909882
0.914449
0.910984
0.914196
0.964397
0.953083
0.930111
0.942271
0.864073
0.876334
0.873982
0.878084
0.899798
0.938936
0.953158
0.959418
0.961628
0.95972
0.950229
0.949597
0.85666
0.54474
0.0987491
0.130092
0.161006
0.159816
0.168041
0.236758
0.292368
0.314465
0.364214
0.372667
0.339017
0.402797
0.417801
0.520393
0.536748
0.405511
0.292983
0.235916
0.156625
0.00420848
0.0745891
0.144323
0.00666252
-0.0567675
-0.0825756
-0.0111848
0.986492
0.994392
0.985971
0.994869
0.981046
0.978513
0.981875
0.985676
0.991341
0.994046
0.990763
0.970318
0.939427
0.896607
0.893782
0.895274
0.886181
0.952468
0.935988
0.944094
0.964223
0.969929
0.967075
0.969222
0.960604
0.963146
0.96591
0.968232
0.989222
0.986973
0.990884
0.989359
0.989499
0.989613
0.991573
0.989469
0.98495
0.946592
0.940659
0.96587
0.959865
0.954425
0.950956
0.974238
0.986665
0.959191
0.931192
0.947776
0.950916
0.931137
0.883581
0.82831
0.780979
0.737321
0.736202
0.571996
0.566157
0.463209
0.468092
0.467857
0.252716
0.184374
0.424516
0.290114
0.0398374
-0.0682057
0.0632214
0.289997
0.324407
0.257235
0.258251
0.301242
0.422254
0.439675
0.475824
0.544205
0.559186
0.547562
0.505696
0.460038
0.464732
0.367315
0.283291
0.335525
0.471044
0.773479
0.824548
0.587533
0.478053
0.516648
0.0567425
-0.0210193
0.114119
0.0819444
0.389157
0.17385
0.664963
0.913916
0.830691
0.701457
0.374578
0.141623
0.0745991
-0.00954033
-0.133244
-0.17709
0.746009
0.926241
0.971254
0.936478
0.941088
0.923257
0.937593
0.94975
0.933053
0.927724
0.926978
0.845349
0.497691
0.319552
0.581432
0.856229
0.965663
0.947339
0.936828
0.930753
0.946321
0.960048
0.97171
0.983164
0.987059
0.988315
0.985547
0.981214
0.973684
0.9714
0.973797
0.978028
0.987265
0.990801
0.990588
0.993099
0.988032
0.994831
0.989362
0.987155
0.97606
0.960078
0.949613
0.960542
0.958835
0.950893
0.955035
0.956146
0.958723
0.95199
0.97286
0.975372
0.956499
0.919175
0.852988
0.876055
0.842137
0.802582
0.777274
0.848584
0.783187
0.581009
0.602273
0.365473
0.304716
0.395128
0.334043
0.232202
0.0987321
0.246483
0.735139
0.732612
0.274139
0.0491037
0.0971719
0.212605
0.252121
0.0940944
0.0753437
0.132159
0.0455937
0.19797
0.321157
0.153332
-0.00881057
-0.00932662
0.0657596
0.113397
0.125806
0.192331
0.120693
0.067472
0.0502866
-0.0349303
0.00572884
0.0239476
0.0479872
0.0888996
0.165746
0.292133
0.238011
0.0755514
-0.0213075
-0.208647
-0.0662338
0.171633
0.959393
0.972839
0.926348
0.675532
0.241486
0.165096
0.18949
0.290383
0.387834
0.200929
0.117796
0.10596
0.367137
0.959319
0.939635
0.919944
0.916432
0.92826
0.940365
0.948509
0.897623
0.857476
0.906218
0.957869
0.952253
0.950005
0.959879
0.964725
0.97345
0.982151
0.986224
0.985509
0.987025
0.985668
0.981854
0.968152
0.966783
0.954192
0.943142
0.959416
0.976199
0.978533
0.972073
0.973859
0.984493
0.965825
0.907027
0.920946
0.933177
0.946252
0.939688
0.932136
0.92496
0.902526
0.898503
0.918783
0.921734
0.908183
0.892396
0.876435
0.889193
0.908108
0.905816
0.910912
0.911424
0.897086
0.901713
0.898218
0.914667
0.928236
0.924497
0.91988
0.900852
0.910789
0.922959
0.932723
0.938629
0.916467
0.922505
0.910243
0.914206
0.914788
0.914625
0.892183
0.864827
0.804349
0.783461
0.798131
0.74541
0.683463
0.602088
0.539103
0.643169
0.689366
0.5935
0.56439
0.547736
0.516916
0.556579
0.637637
0.658954
0.646345
0.6657
0.617634
0.5435
0.544198
0.463877
0.441818
0.483482
0.446973
0.451463
0.231257
-0.411408
-0.435446
0.0462234
-0.0319985
-0.152734
0.00200286
0.084828
0.0632091
0.0785115
-0.0216306
0.0612832
-0.00214372
-0.0277184
0.0463038
0.23631
0.359606
0.18293
0.142857
0.222416
-0.00203355
-0.086904
-0.040032
0.0957312
0.205233
