0.12963
0.122951
0.0865385
0.170455
0.0909091
0.112
0.126582
0.347333
0.141708
0.150998
0.222514
0.217776
0.122849
0.0965726
0.131266
0.199297
0.211698
0.144987
0.198284
0.171534
0.122121
0.144174
0.148142
0.140496
0.136104
0.171711
0.283159
0.149506
0.112077
0.200238
0.249833
0.203793
0.179895
0.115471
0.15396
0.145116
0.150231
0.142742
0.192752
0.139445
0.189541
0.156721
0.143715
0.1621
0.130754
0.124236
0.101245
0.0977112
0.102552
0.190018
0.198774
0.185516
0.126199
0.129884
0.15986
0.144168
0.120439
0.136839
0.146335
0.101986
0.154253
0.183546
0.112049
0.118393
0.121405
0.153754
0.165226
0.174835
0.211167
0.190647
0.27609
0.438883
0.570071
0.470886
0.562838
0.545753
0.645706
0.631317
0.425141
0.335561
0.24894
0.174471
0.132732
0.280667
0.501228
0.540537
0.47632
0.412306
0.313893
0.306799
0.24024
0.202943
0.309953
0.544312
0.637806
0.583262
0.451687
0.272765
0.418929
0.523408
0.504647
0.23748
0.174957
0.34484
0.258886
0.549887
0.273424
0.30028
0.510726
0.54389
0.671617
0.644493
0.749058
0.674834
0.650372
0.674514
0.406542
0.51545
0.655295
0.294024
0.180233
0.165869
0.186803
0.201015
0.289975
0.170094
0.266512
0.187948
0.221896
0.257133
0.190904
0.177952
0.166382
0.279323
0.376644
0.201259
0.1454
0.116352
0.146559
0.176226
0.148233
0.130619
0.132825
0.161112
0.165616
0.170532
0.144079
0.268498
0.546169
0.600088
0.50287
0.425399
0.520164
0.598029
0.559765
0.702415
0.713519
0.529257
0.503404
0.636351
0.571128
0.540582
0.4177
0.291022
0.357184
0.507057
0.702489
0.748128
0.722523
0.527028
0.288577
0.435335
0.292032
0.362178
0.308695
0.561367
0.568931
0.592718
0.546316
0.572984
0.542113
0.525343
0.476324
0.414636
0.362022
0.328315
0.350397
0.272135
0.169389
0.231431
0.300412
0.249738
0.346525
0.393274
0.218088
0.200179
0.283557
0.324796
0.357594
0.350511
0.424323
0.214161
0.265399
0.220756
0.178931
0.237132
0.143906
0.20676
0.254814
0.193393
0.141901
0.202599
0.182271
0.266803
0.214549
0.156227
0.355136
0.182872
0.064867
0.130173
0.232107
0.195195
0.172809
0.202368
0.141521
0.175595
0.221213
0.113683
0.106697
0.201318
0.150325
0.255369
0.413424
0.333048
0.291078
0.179104
0.106821
0.105801
0.118666
0.129762
0.165275
0.113115
0.204817
0.413922
0.353653
0.37865
0.221761
0.137943
0.159111
0.101995
0.0826198
0.121407
0.203355
0.471796
0.46091
0.420742
0.160777
0.411269
0.591711
0.662467
0.573548
0.562068
0.401653
0.255652
0.239661
0.142007
0.342726
0.221184
0.0885617
0.369802
0.434347
0.488933
0.455881
0.508818
0.543656
0.535362
0.427667
0.445226
0.392482
0.512931
0.52723
0.720571
0.734483
0.674792
0.561865
0.575401
0.551744
0.444844
0.274099
0.380244
0.258687
0.346572
0.269611
0.204064
0.228978
0.395059
0.403228
0.380246
0.46706
0.415666
0.330616
0.36529
0.207604
0.198307
0.315113
0.219931
0.432047
0.429433
0.239155
0.303846
0.357492
0.40533
0.290889
0.301723
0.30328
0.205768
0.160432
0.155266
0.264231
0.224881
0.167371
0.140596
0.363104
0.496133
0.229228
0.130943
0.161421
0.148479
0.272424
0.250699
0.149795
0.1448
0.205897
0.27916
0.323601
0.100223
0.170404
0.140086
0.228647
0.103023
0.202419
0.290817
0.24305
0.216221
0.163801
0.146975
0.168895
0.143685
0.134631
0.133349
0.214446
0.203818
0.181838
0.122947
0.136804
0.142817
0.176364
0.147557
0.354548
0.615019
0.447276
0.380439
0.180075
0.157523
0.153463
0.204691
0.184499
0.11122
0.131412
0.121605
0.14676
0.418022
0.281928
0.576562
0.600757
0.632733
0.445109
0.587799
0.602143
0.571522
0.600234
0.512968
0.445676
0.590111
0.701078
0.649931
0.672116
0.693695
0.70206
0.672618
0.47632
0.501639
0.591291
0.704352
0.690986
0.677053
0.682378
0.751633
0.699134
0.827452
0.648739
0.625112
0.750828
0.560372
0.408259
0.640574
0.759372
0.7855
0.769247
0.678651
0.48816
0.553761
0.567054
0.59742
0.616716
0.644854
0.561625
0.681562
0.679062
0.654007
0.461006
0.332783
0.297208
0.350571
0.296462
0.245986
0.357838
0.49208
0.401194
0.344066
0.232218
0.326986
0.273132
0.403868
0.349756
0.2758
0.424193
0.248616
0.205431
0.2303
0.240313
0.284764
0.275408
0.228009
0.201404
0.235721
0.198685
0.323727
0.212247
0.134705
0.197604
0.247476
0.167897
0.121976
0.15843
0.139752
0.201789
0.27543
0.182933
0.211357
0.138487
0.227906
0.253577
0.250627
0.163087
0.209394
0.180814
0.139657
0.150188
0.148154
0.200094
0.205044
0.0944138
0.110174
0.137822
0.136767
0.154674
0.118112
0.111867
0.145591
0.122059
0.100289
0.0984888
0.127423
0.205952
0.156609
0.129085
0.110583
0.114702
0.131418
0.120499
0.135308
0.228867
0.156766
