0.0
0.0
0.0
0.0
0.0
0.0
0.0
0.0
0.0
0.0
0.0
0.0
0.0
0.0
0.0
0.0
0.0
0.0
0.0
0.0
0.0
0.0
0.0
0.0
0.0
0.0
0.0
0.0
0.0
0.0
0.0
0.0
0.0
0.0
0.0
0.0
0.0
0.0
0.0
0.0
0.0
0.0
0.0
0.0
0.0
0.0
0.0
0.0
0.0
0.0
0.0
0.0
0.0
0.0
0.0
0.0
0.0
0.0
0.0
0.0
0.0
0.0
0.0
0.0
0.0
0.0
0.0
0.0
0.0
0.0
0.0
0.0
0.0
0.0
0.0
0.0
0.0
0.0
0.0
0.0
0.0
0.0
0.0
0.0
0.0
0.0
0.0
0.0
0.0
0.0
0.0
0.0
0.0
0.0
0.0
0.0
0.0
0.0
0.0
0.0
0.0
0.0
0.0
0.0
0.0
0.0
0.0
0.0
148.15435791015625
146.15255737304688
141.02987670898438
144.28709411621094
147.14979553222656
150.67776489257813
149.83360290527344
152.79605102539063
155.27603149414063
149.6080322265625
149.75523376464844
0.0
0.0
0.0
0.0
0.0
0.0
0.0
0.0
148.8218994140625
150.15843200683594
150.06222534179688
152.2974090576172
152.69065856933594
146.82211303710938
152.2788543701172
0.0
0.0
0.0
0.0
0.0
0.0
103.94902801513672
100.40697479248047
96.9646987915039
96.54428100585938
95.78266143798828
101.62641906738281
95.58085632324219
105.22632598876953
92.36602783203125
93.681884765625
91.75300598144531
91.4913558959961
90.58773040771484
0.0
0.0
0.0
0.0
0.0
0.0
0.0
0.0
0.0
159.0968475341797
146.27711486816406
152.3612060546875
164.54061889648438
167.18551635742188
174.05007934570313
176.32057189941406
179.00662231445313
181.17774963378906
174.8859100341797
179.14566040039063
167.11166381835938
166.90101623535156
166.463623046875
169.86839294433594
160.8496551513672
170.82473754882813
0.0
0.0
0.0
0.0
0.0
0.0
0.0
0.0
0.0
0.0
0.0
0.0
0.0
0.0
0.0
0.0
0.0
0.0
0.0
0.0
0.0
0.0
0.0
0.0
0.0
0.0
0.0
0.0
0.0
0.0
0.0
0.0
0.0
0.0
0.0
0.0
0.0
0.0
0.0
0.0
0.0
0.0
172.11245727539063
118.95989227294922
101.80728149414063
99.10482025146484
100.56600189208984
104.39491271972656
120.6011734008789
111.57477569580078
115.93387603759766
119.38357543945313
121.56561279296875
117.022216796875
133.61085510253906
134.8524169921875
137.98553466796875
138.52830505371094
149.1944122314453
141.33367919921875
141.9373016357422
140.774658203125
138.07574462890625
136.5254364013672
133.4312286376953
119.89227294921875
128.02989196777344
142.2146759033203
145.9871063232422
127.02617645263672
125.75216674804688
121.27233123779297
130.7126922607422
124.44812774658203
123.49951934814453
0.0
0.0
0.0
0.0
0.0
0.0
0.0
80.37069702148438
100.13969421386719
103.60441589355469
103.12017059326172
99.96723937988281
97.90348052978516
96.9747085571289
94.15386962890625
93.29788970947266
91.40415954589844
94.18182373046875
89.91886138916016
88.52091979980469
88.15570831298828
78.80500030517578
77.98661041259766
0.0
0.0
0.0
0.0
0.0
0.0
0.0
0.0
0.0
0.0
0.0
0.0
0.0
0.0
0.0
0.0
0.0
0.0
0.0
0.0
0.0
0.0
0.0
0.0
0.0
0.0
0.0
0.0
0.0
0.0
0.0
0.0
0.0
0.0
0.0
0.0
0.0
0.0
0.0
0.0
0.0
0.0
0.0
0.0
0.0
0.0
0.0
0.0
0.0
0.0
0.0
0.0
0.0
0.0
0.0
0.0
0.0
0.0
0.0
0.0
0.0
0.0
0.0
0.0
0.0
0.0
0.0
0.0
0.0
0.0
0.0
0.0
0.0
0.0
0.0
0.0
0.0
0.0
0.0
0.0
0.0
0.0
0.0
0.0
0.0
0.0
0.0
0.0
0.0
0.0
0.0
0.0
0.0
0.0
0.0
0.0
0.0
0.0
0.0
0.0
0.0
0.0
0.0
0.0
0.0
0.0
0.0
0.0
0.0
109.42169952392578
113.56776428222656
113.66064453125
113.60009765625
113.80106353759766
114.68424224853516
115.77780151367188
113.08470916748047
114.52613830566406
116.5451889038086
0.0
0.0
0.0
0.0
0.0
0.0
0.0
0.0
0.0
113.32005310058594
107.09416198730469
104.30442810058594
104.18029022216797
100.657470703125
102.24451446533203
101.62186431884766
100.73528289794922
100.22109985351563
99.68357849121094
98.16373443603516
103.24675750732422
104.28823852539063
125.2040023803711
132.666748046875
140.33811950683594
148.30703735351563
155.90737915039063
158.98497009277344
159.48936462402344
157.29969787597656
150.5823211669922
140.17666625976563
135.51197814941406
124.20101165771484
115.77886199951172
109.9661636352539
97.77104187011719
89.09288787841797
109.43241882324219
86.32146453857422
72.04082489013672
70.67996978759766
78.69853210449219
82.49933624267578
93.73892974853516
97.41156768798828
74.81141662597656
74.01922607421875
74.77863311767578
73.74939727783203
70.09246826171875
71.55927276611328
67.1045150756836
73.0383071899414
71.69749450683594
0.0
0.0
0.0
0.0
0.0
0.0
0.0
0.0
0.0
0.0
0.0
0.0
0.0
0.0
0.0
0.0
0.0
0.0
0.0
0.0
0.0
0.0
0.0
0.0
0.0
0.0
0.0
0.0
0.0
0.0
0.0
0.0
0.0
0.0
0.0
0.0
0.0
0.0
0.0
0.0
0.0
0.0
0.0
0.0
0.0
0.0
0.0
0.0
0.0
0.0
0.0
0.0
0.0
0.0
0.0
0.0
0.0
0.0
0.0
0.0
0.0
0.0
0.0
0.0
0.0
0.0
0.0
0.0
0.0
0.0
0.0
0.0
0.0
0.0
0.0
0.0
0.0
0.0
0.0
0.0
0.0
0.0
0.0
0.0
0.0
0.0
0.0
0.0
158.21588134765625
163.67735290527344
163.97227478027344
167.49815368652344
0.0
0.0
0.0
0.0
0.0
0.0
0.0
0.0
0.0
0.0
0.0
0.0
0.0
0.0
0.0
116.29926300048828
125.01154327392578
139.3312225341797
139.03468322753906
139.6829833984375
139.2838897705078
131.93980407714844
130.6082763671875
131.6771697998047
133.61282348632813
134.90371704101563
133.72952270507813
127.54048919677734
129.66136169433594
131.8511962890625
137.84153747558594
138.4355926513672
132.0312957763672
132.97735595703125
133.17941284179688
134.63673400878906
134.7108612060547
134.4016571044922
133.17005920410156
133.19187927246094
135.2604522705078
136.23146057128906
141.2952117919922
148.39651489257813
156.57322692871094
170.47171020507813
176.18084716796875
187.49070739746094
193.2985076904297
201.9298553466797
208.71421813964844
206.5664825439453
211.93846130371094
200.0505828857422
202.7813720703125
206.60076904296875
202.9766082763672
203.21005249023438
211.22068786621094
197.60848999023438
196.79409790039063
196.70913696289063
195.62037658691406
0.0
0.0
180.4108123779297
179.7680206298828
178.2079315185547
178.70803833007813
178.83041381835938
181.0048065185547
181.11398315429688
180.8693084716797
184.4458770751953
201.2639923095703
203.28773498535156
207.66307067871094
214.604736328125
220.17401123046875
226.82164001464844
230.94032287597656
235.45570373535156
241.1612091064453
239.90032958984375
235.9969940185547
234.1062774658203
228.27487182617188
221.14747619628906
210.34190368652344
0.0
0.0
0.0
0.0
0.0
0.0
0.0
0.0
0.0
0.0
0.0
0.0
0.0
0.0
0.0
0.0
0.0
0.0
0.0
0.0
0.0
0.0
0.0
0.0
0.0
0.0
0.0
0.0
0.0
0.0
0.0
0.0
0.0
0.0
0.0
0.0
0.0
0.0
0.0
0.0
0.0
0.0
0.0
0.0
0.0
0.0
0.0
0.0
0.0
0.0
0.0
0.0
0.0
0.0
0.0
0.0
0.0
0.0
0.0
0.0
0.0
0.0
0.0
0.0
0.0
0.0
0.0
0.0
0.0
0.0
0.0
0.0
0.0
0.0
0.0
0.0
0.0
0.0
0.0
0.0
0.0
0.0
0.0
0.0
0.0
0.0
0.0
0.0
0.0
0.0
0.0
0.0
0.0
0.0
0.0
0.0
0.0
0.0
0.0
0.0
0.0
0.0
0.0
0.0
0.0
0.0
0.0
0.0
0.0
