0
0
0
0
0
0
0
0
0
0
0
0
0
0
0
0
0
0
0
0
0
0
0
0
0
0
0
0
0
0
0
0
0
0
0
0
0
0
0
0
0
0
0
0
0
0
0
0
0
0
0
0
0
0
0
0
0
0
0
0
0
0
0
0
0
0
0
0
0
0
0
0
148.148
148.148
0
145.455
149.533
152.381
153.846
0
0
0
0
0
0
0
153.846
0
0
0
0
0
0
80
210.526
98.7654
97.561
202.532
0
0
0
0
0
71.4286
91.954
0
192.771
0
0
0
152.381
166.667
173.913
177.778
179.775
177.778
168.421
0
164.948
170.213
0
0
0
0
0
0
0
0
0
0
0
0
0
0
0
0
0
0
0
0
0
0
0
0
0
0
0
0
225.352
101.266
100
104.575
114.286
115.108
119.403
122.137
134.454
136.752
142.857
141.593
141.593
140.351
135.593
0
128
484.848
126.984
484.848
500
500
484.848
500
128
122.137
161.616
99.3789
101.911
101.911
98.7654
95.8084
92.4855
93.5673
90.3955
88.3978
78.8177
153.846
67.5106
163.265
98.1595
148.148
142.857
156.863
0
0
0
0
0
0
0
0
0
0
0
0
0
0
0
0
0
0
0
0
0
0
0
0
0
0
0
0
0
0
0
0
0
0
0
0
0
0
0
0
0
0
0
0
0
0
0
0
0
0
0
0
0
0
0
0
0
0
0
0
0
0
0
0
0
333.333
113.475
113.475
114.286
114.286
115.942
114.286
0
0
0
0
0
432.432
113.475
112.676
104.575
103.226
101.911
101.266
100.629
100
102.564
125
134.454
146.789
156.863
160
156.863
144.144
132.231
115.942
104.575
93.0233
231.884
172.043
72.0721
78.4314
210.526
400
74.4186
156.863
140.351
484.848
200
200
168.421
125.984
470.588
0
0
0
0
0
0
0
0
0
0
0
0
0
0
0
0
0
0
0
0
0
0
0
0
0
0
0
0
0
0
0
0
0
0
0
0
0
0
0
0
0
0
0
0
0
0
0
0
0
0
0
0
0
0
0
161.616
0
0
0
0
0
0
0
0
0
0
0
0
0
139.13
140.351
139.13
131.148
131.148
139.13
131.148
128
137.931
136.752
133.333
133.333
134.454
134.454
133.333
134.454
136.752
150.943
326.531
179.775
192.771
390.244
207.792
210.526
200
205.128
202.532
207.792
197.531
195.122
195.122
0
179.775
179.775
177.778
179.775
181.818
186.047
202.532
207.792
216.216
225.352
231.884
238.806
238.806
231.884
225.352
0
0
0
0
0
0
0
190.476
123.077
0
0
0
190.476
186.047
188.235
0
0
0
0
0
0
0
0
0
0
0
0
0
0
0
0
0
0
0
0
0
0
0
0
0
0
0
0
0
0
0
0
0
0
0
0
0
0
0
0
0
0
0
0
0
0
0
0
0
0
0
0
0
0
0
0
0
0
0
0
